SIZE 28 14
ORIGIN -5 -74
G 0 0 10 13
G 1 0 10 13
G 2 0 10 13
W 2 0 1 7
G 3 0 10 13
W 3 0 2 7
G 4 0 10 13
W 4 0 3 16
G 5 0 10 13
W 5 0 1 6
G 6 0 10 13
W 6 0 2 6
G 7 0 10 13
W 7 0 3 6
G 8 0 10 13
W 8 0 1 5
W 9 0 3 5
W 10 0 2 14
W 11 0 2 5
W 12 0 3 5
W 13 0 1 4
G 0 1 10 13
G 1 1 10 13
G 2 1 10 13
G 3 1 10 13
G 4 1 10 13
G 5 1 10 13
W 5 1 1 7
G 6 1 10 13
W 6 1 2 7
G 7 1 10 13
W 7 1 3 7
G 8 1 10 13
W 8 1 1 6
W 9 1 3 6
W 10 1 2 15
W 11 1 2 6
W 12 1 3 6
W 13 1 1 5
W 14 1 2 5
W 15 1 3 5
W 16 1 1 13
G 0 2 10 13
G 1 2 10 13
G 2 2 10 13
G 3 2 10 13
G 4 2 10 13
G 5 2 10 13
G 6 2 10 13
G 7 2 10 13
G 8 2 10 13
W 8 2 1 7
G 9 2 10 13
W 9 2 3 7
G 10 2 10 13
W 10 2 2 16
G 11 2 10 13
W 11 2 2 7
G 12 2 10 13
W 12 2 3 7
G 13 2 10 13
W 13 2 1 6
G 14 2 10 13
W 14 2 2 6
G 15 2 10 13
W 15 2 3 6
G 16 2 10 13
W 16 2 1 14
W 17 2 2 14
W 18 2 3 14
W 19 2 1 4
G 0 3 10 13
G 1 3 10 13
G 2 3 10 13
G 3 3 10 13
G 4 3 10 13
G 5 3 10 13
G 6 3 10 13
G 7 3 10 13
G 8 3 10 13
G 9 3 10 13
G 10 3 10 13
G 11 3 10 13
G 12 3 10 13
G 13 3 10 13
W 13 3 1 7
G 14 3 10 13
W 14 3 2 7
G 15 3 6 15
W 15 3 3 7
G 16 3 8 15
W 16 3 1 15
G 17 3 8 15
W 17 3 2 15
G 18 3 8 15
W 18 3 3 15
W 19 3 1 5
W 20 3 1 13
G 0 4 10 13
W 0 4 3 0
G 1 4 10 13
W 1 4 4 0
G 2 4 10 13
G 3 4 10 13
G 4 4 10 13
G 5 4 10 13
G 6 4 10 13
G 7 4 10 13
G 8 4 10 13
G 9 4 10 13
G 10 4 10 13
G 11 4 10 13
G 12 4 10 13
G 13 4 10 13
G 14 4 10 13
G 15 4 6 15
G 16 4 8 15
W 16 4 1 16
G 17 4 8 15
W 17 4 2 16
G 18 4 8 15
W 18 4 3 16
G 19 4 8 15
W 19 4 1 6
G 20 4 8 15
W 20 4 1 14
W 21 4 0 3
W 27 4 4 4
W 1 5 4 1
G 2 5 10 13
W 2 5 5 1
G 3 5 10 13
G 4 5 10 13
G 5 5 10 13
G 6 5 10 13
G 7 5 10 13
G 8 5 10 13
G 9 5 10 13
G 10 5 10 13
G 11 5 10 13
G 12 5 10 13
G 13 5 10 13
G 14 5 10 13
G 15 5 6 15
G 16 5 8 15
G 17 5 8 15
G 18 5 8 15
G 19 5 8 15
W 19 5 1 7
G 20 5 8 15
W 20 5 1 15
G 21 5 10 13
W 21 5 0 2
W 26 5 4 4
G 27 5 8 15
W 27 5 4 5
G 2 6 10 13
W 2 6 5 3
G 3 6 10 13
G 4 6 10 13
G 5 6 10 13
G 6 6 10 13
G 7 6 10 13
G 8 6 10 13
G 9 6 10 13
G 10 6 10 13
G 11 6 10 13
G 12 6 10 13
G 13 6 10 13
G 14 6 10 13
G 15 6 6 15
G 16 6 8 15
G 17 6 8 15
G 18 6 8 15
G 19 6 8 15
G 20 6 8 15
W 20 6 1 16
G 21 6 8 15
W 21 6 0 3
W 26 6 4 4
G 27 6 8 15
W 27 6 4 6
W 1 7 4 4
G 2 7 10 13
W 2 7 5 4
G 3 7 10 13
G 4 7 10 13
G 5 7 10 13
G 6 7 10 13
G 7 7 10 13
G 8 7 10 13
G 9 7 10 13
G 10 7 10 13
G 11 7 10 13
G 12 7 10 13
G 13 7 10 13
G 14 7 10 13
G 15 7 6 15
G 16 7 8 15
G 17 7 8 15
G 18 7 8 15
G 19 7 8 15
G 20 7 8 15
G 21 7 8 15
W 21 7 0 2
G 26 7 8 15
W 26 7 5 3
G 27 7 8 15
W 27 7 4 7
G 0 8 10 13
W 0 8 4 4
G 1 8 10 13
W 1 8 4 5
G 2 8 10 13
W 2 8 5 5
G 3 8 10 13
G 4 8 10 13
G 5 8 10 13
G 6 8 10 13
G 7 8 10 13
G 8 8 10 13
G 9 8 10 13
G 10 8 10 13
G 11 8 10 13
G 12 8 10 13
G 13 8 10 13
G 14 8 10 13
G 15 8 7 17
G 16 8 8 17
G 17 8 7 16
G 18 8 8 15
G 19 8 8 15
G 20 8 8 15
G 21 8 8 15
W 21 8 0 3
G 26 8 8 15
W 26 8 5 2
G 27 8 8 15
G 0 9 10 13
W 0 9 5 3
G 1 9 10 13
W 1 9 4 6
G 2 9 10 13
W 2 9 5 6
G 3 9 10 13
G 4 9 10 13
G 5 9 10 13
G 6 9 10 13
G 7 9 10 13
G 8 9 10 13
G 9 9 10 13
G 10 9 10 13
G 11 9 10 13
G 12 9 10 13
G 13 9 10 13
G 14 9 10 13
G 15 9 10 13
G 16 9 10 13
G 17 9 6 15
G 18 9 8 15
G 19 9 8 15
G 20 9 8 15
G 21 9 8 15
W 21 9 1 4
G 26 9 8 15
W 26 9 5 2
G 27 9 8 15
G 0 10 10 13
W 0 10 5 3
G 1 10 10 13
W 1 10 4 7
G 2 10 10 13
G 3 10 10 13
G 4 10 10 13
G 5 10 10 13
G 6 10 10 13
G 7 10 10 13
G 8 10 10 13
G 9 10 10 13
G 10 10 10 13
G 11 10 10 13
G 12 10 10 13
G 13 10 10 13
G 14 10 10 13
G 15 10 10 13
G 16 10 10 13
G 17 10 6 15
G 18 10 8 15
G 19 10 8 15
G 20 10 8 15
G 21 10 8 15
W 21 10 0 4
W 22 10 1 4
W 25 10 4 4
G 26 10 8 15
W 26 10 4 5
G 27 10 8 15
G 0 11 10 13
W 0 11 5 3
G 1 11 10 13
G 2 11 10 13
G 3 11 10 13
G 4 11 10 13
G 5 11 10 13
G 6 11 10 13
G 7 11 10 13
G 8 11 10 13
G 9 11 10 13
G 10 11 10 13
G 11 11 10 13
G 12 11 10 13
G 13 11 10 13
G 14 11 10 13
G 15 11 10 13
G 16 11 10 13
G 17 11 6 16
G 18 11 7 16
G 19 11 8 15
G 20 11 8 15
G 21 11 8 15
W 21 11 0 5
W 22 11 1 5
W 23 11 3 14
W 24 11 3 14
G 25 11 8 15
W 25 11 4 5
G 26 11 8 15
W 26 11 4 6
G 27 11 8 15
G 0 12 10 13
W 0 12 5 2
G 1 12 10 13
G 2 12 10 13
G 3 12 10 13
G 4 12 10 13
G 5 12 10 13
G 6 12 10 13
G 7 12 10 13
G 8 12 10 13
G 9 12 10 13
G 10 12 10 13
G 11 12 10 13
G 12 12 10 13
G 13 12 10 13
G 14 12 10 13
G 15 12 10 13
G 16 12 10 13
G 17 12 10 13
G 18 12 6 15
G 19 12 8 15
G 20 12 8 15
G 21 12 8 15
W 21 12 0 6
G 22 12 8 15
W 22 12 1 6
W 23 12 3 15
W 24 12 3 15
G 25 12 8 15
W 25 12 4 6
G 26 12 8 15
W 26 12 4 7
G 27 12 8 15
G 0 13 10 13
W 0 13 5 3
G 1 13 10 13
G 2 13 10 13
G 3 13 10 13
G 4 13 10 13
G 5 13 10 13
G 6 13 10 13
G 7 13 10 13
G 8 13 10 13
G 9 13 10 13
G 10 13 10 13
G 11 13 10 13
G 12 13 10 13
G 13 13 10 13
G 14 13 10 13
G 15 13 10 13
G 16 13 10 13
G 17 13 10 13
G 18 13 6 15
G 19 13 8 15
G 20 13 8 15
G 21 13 8 15
G 22 13 8 15
W 22 13 1 7
G 23 13 10 13
W 23 13 3 16
G 24 13 8 15
W 24 13 3 16
G 25 13 8 15
W 25 13 4 7
G 26 13 8 15
G 27 13 8 15
