SIZE 18 14
ORIGIN 42 1
W 0 0 2 5
W 1 0 2 14
W 2 0 2 14
W 3 0 3 5
W 4 0 4 5
W 5 0 2 6
G 6 0 8 15
W 6 0 2 15
W 7 0 2 15
W 8 0 3 6
W 9 0 1 5
W 10 0 2 5
W 11 0 3 5
W 12 0 2 5
W 13 0 2 14
W 14 0 1 4
W 0 1 2 6
W 1 1 2 15
W 2 1 2 15
W 3 1 3 6
G 4 1 8 15
W 4 1 4 6
G 5 1 8 15
W 5 1 2 7
G 6 1 8 15
W 6 1 2 16
G 7 1 8 15
W 7 1 2 16
G 8 1 8 15
W 8 1 3 7
G 9 1 8 15
W 9 1 1 6
G 10 1 13 15
W 10 1 2 6
G 11 1 13 15
W 11 1 3 6
G 12 1 13 15
W 12 1 2 6
G 13 1 13 15
W 13 1 2 15
W 14 1 1 5
W 15 1 2 14
W 16 1 1 4
G 0 2 13 15
W 0 2 2 7
G 1 2 13 15
W 1 2 2 16
G 2 2 13 15
W 2 2 2 16
G 3 2 8 15
W 3 2 3 7
G 4 2 8 15
W 4 2 4 7
G 5 2 8 15
G 6 2 8 15
G 7 2 8 15
G 8 2 8 15
G 9 2 8 15
W 9 2 1 7
G 10 2 8 15
W 10 2 2 7
G 11 2 8 15
W 11 2 3 7
G 12 2 8 15
W 12 2 2 7
G 13 2 8 15
W 13 2 2 16
G 14 2 8 15
W 14 2 1 6
W 15 2 2 15
W 16 2 1 5
W 17 2 1 4
G 0 3 13 15
G 1 3 13 15
G 2 3 13 15
G 3 3 13 15
G 4 3 13 15
G 5 3 8 15
G 6 3 8 15
G 7 3 8 15
G 8 3 8 15
G 9 3 8 15
G 10 3 8 15
G 11 3 8 15
G 12 3 8 15
G 13 3 8 15
G 14 3 8 15
W 14 3 1 7
G 15 3 8 15
W 15 3 2 16
G 16 3 13 15
W 16 3 1 6
W 17 3 1 4
G 0 4 13 15
G 1 4 13 15
G 2 4 13 15
G 3 4 13 15
G 4 4 13 15
G 5 4 13 15
G 6 4 13 15
G 7 4 13 15
G 8 4 8 15
G 9 4 8 15
G 10 4 8 15
G 11 4 8 15
G 12 4 8 15
G 13 4 8 15
G 14 4 8 15
G 15 4 8 15
G 16 4 8 15
W 16 4 1 7
G 17 4 8 15
W 17 4 1 4
G 0 5 13 15
G 1 5 13 15
G 2 5 13 15
G 3 5 13 15
G 4 5 13 15
G 5 5 13 15
G 6 5 13 15
G 7 5 13 15
G 8 5 13 15
G 9 5 13 15
G 10 5 8 15
G 11 5 8 15
G 12 5 8 15
G 13 5 8 15
G 14 5 8 15
G 15 5 8 15
G 16 5 8 15
G 17 5 8 15
W 17 5 0 2
G 0 6 13 15
G 1 6 13 15
G 2 6 13 15
G 3 6 13 15
G 4 6 13 15
G 5 6 13 15
G 6 6 13 15
G 7 6 13 15
G 8 6 13 15
G 9 6 13 15
G 10 6 13 15
G 11 6 8 15
G 12 6 8 15
G 13 6 8 15
G 14 6 8 15
G 15 6 8 15
G 16 6 8 15
G 17 6 8 15
W 17 6 0 2
G 0 7 13 15
G 1 7 13 15
G 2 7 13 15
G 3 7 13 15
G 4 7 13 15
G 5 7 13 15
G 6 7 13 15
G 7 7 13 15
G 8 7 13 15
G 9 7 13 15
G 10 7 13 15
G 11 7 13 15
G 12 7 13 15
G 13 7 13 15
G 14 7 13 15
G 15 7 13 15
G 16 7 13 15
G 17 7 13 15
W 17 7 0 2
G 0 8 13 15
G 1 8 13 15
G 2 8 13 15
G 3 8 13 15
G 4 8 13 15
G 5 8 13 15
G 6 8 13 15
G 7 8 13 15
G 8 8 13 15
G 9 8 13 15
G 10 8 13 15
G 11 8 13 15
G 12 8 13 15
G 13 8 13 15
G 14 8 13 15
G 15 8 13 15
G 16 8 13 15
G 17 8 13 15
W 17 8 0 2
G 0 9 13 15
G 1 9 13 15
G 2 9 13 15
G 3 9 13 15
G 4 9 13 15
G 5 9 13 15
G 6 9 13 15
G 7 9 13 15
G 8 9 13 15
G 9 9 13 15
G 10 9 13 15
G 11 9 13 15
G 12 9 13 15
G 13 9 13 15
G 14 9 13 15
G 15 9 13 15
G 16 9 13 15
G 17 9 13 15
W 17 9 0 3
G 0 10 13 15
G 1 10 13 15
G 2 10 13 15
G 3 10 13 15
G 4 10 13 15
G 5 10 13 15
G 6 10 13 15
G 7 10 13 15
G 8 10 13 15
G 9 10 13 15
G 10 10 13 15
G 11 10 13 15
G 12 10 13 15
G 13 10 13 15
G 14 10 13 15
G 15 10 13 15
G 16 10 13 15
W 16 10 1 0
W 17 10 1 1
G 0 11 13 15
G 1 11 13 15
G 2 11 13 15
G 3 11 13 15
G 4 11 13 15
G 5 11 13 15
G 6 11 13 15
G 7 11 13 15
G 8 11 13 15
G 9 11 13 15
G 10 11 13 15
G 11 11 13 15
G 12 11 13 15
G 13 11 13 15
G 14 11 13 15
G 15 11 13 15
G 16 11 13 15
W 16 11 0 3
G 0 12 13 15
G 1 12 13 15
G 2 12 13 15
G 3 12 13 15
G 4 12 13 15
G 5 12 13 15
G 6 12 13 15
G 7 12 13 15
G 8 12 13 15
G 9 12 13 15
G 10 12 13 15
G 11 12 13 15
G 12 12 13 15
G 13 12 13 15
G 14 12 13 15
G 15 12 13 15
G 16 12 13 15
W 16 12 0 3
G 0 13 13 15
G 1 13 13 15
G 2 13 13 15
G 3 13 13 15
G 4 13 13 15
G 5 13 13 15
G 6 13 13 15
G 7 13 13 15
G 8 13 13 15
G 9 13 13 15
G 10 13 13 15
G 11 13 13 15
G 12 13 13 15
G 13 13 13 15
G 14 13 13 15
G 15 13 13 15
G 16 13 13 15
W 16 13 0 3
